$ANSIBLE_VAULT;1.1;AES256
66633339333232396332366234396264366631373836386664383839383332653566656136613532
6364393735306137663135623864393236613466333864340a316663396236626131333564613639
31366166626333373161346130633538663131666564633139653562373861333337343938626233
6631326636346533640a646635383336646264626135653464353239636334353135333338626666
62316633636162303238333238626536323766323433346635666635383136616331656431393961
39636632366161393431623937346435303335636562636536356139666262663032393039616130
66353766373739343439303535363865333062376164366538353162636236626631353539316232
36376133616338366462386434643935313762303631663964326635333865393532383732383532
62303739666561653136336235303039623863633662313339376565666234383666316134306133
37366137363864623866366339636134633237636235306535636434373264616432616130353031
61386162313139653132633065336662613734306230323135366564373066363632376536313031
31363034636264363363353639323635646662383564353263303662376630323765663365666339
63656565313961636464623566666332653432313836626334616237616366336430386263313434
65353161326335316561373461306362383033373435313365623530653861373139666139313439
38376133363666623935343666346334653131666662303862306333396566336638383038613066
37363431303537633466353866633461333730366238306237313566626534373563336363633430
39396235643835623563626366356332393264366162356662363934646263623364316433623630
34336562306261366239323162376663303330306637636562353963353630366466643831653634
39663661663163306139363264666264316231333461383436383365666365623535343036383830
34323236313030663735323838656163306364656432323931353764643934356638313932306262
30383334373263363166393237386638633636356131353338363233366530313361633134316230
66303537313365613266303437653633313832623962616264633861303133353061363861623133
34393266346138643734633732353933373439376632316262636335353738316539303530646335
66343836663138303231326264326463303936306635633732626333306463326537323165383962
66313964303539306438633861613238313830313230366263383137303438363939333336313363
31666564653136383132306365613830356431636463656530636465303135666237626537616461
62356665323162333535393139343330376162316365336663633366326230356430633332336461
37386662323661616635666631366338666132636437666235613264613063663664633066663066
32633265336136373934656232646639363436653163383665663864353661396264633462363061
65383362366563616332343962633739323662376333376637333563616636643365663433383133
35326139356534666662613533336538666132393230386364313836373139643637323030353066
64386130383266646132356362353336613165333933363665376431313639633866363861356234
65313634396262326434656435306139386339643562623333373462393332306334643461363432
39646537393262336665656532303664636536383039633564343832653535303162323230323761
37663436303861303062323365333764323830626363633031636363366161626231626661636631
66376565326563373135643836313666636566316632616234396532353734373734383039623439
35303864313939326139353739303839353536636533626235306565616464386464633032666463
64623463643336353335613261623831646162363939393934643430353763383734383734303861
39663835363964646631643739653531616266383737666463363762396365363535656630636538
31376362633830636666613531326134343233343162653962373565336433356131323033616466
37326361633538626662393935356432623731396232316631303037313330666439306566333761
33393339653632613432313934396163343666656663356339626636366563326165386431633532
32326530636466613832313362353536343931396437306138653939383330306163623134613239
63353936313732636165636233613836653862323230316132346162376339346431646131613632
62306538323462373930663032643130373336386562353039663931643431393632636331343862
64666538343336653532313730306437393434316261323933343162333438336263353535343937
37323037303337333763643432373136313233616336656438313737313734663132646536323137
62326530373666356639386239666332313166656365366464626661356634393030343964663066
63366634663333316532353234333663653232316435643135383139343431646135326236386236
35303934373363613561626237623330376631336331616234626662373862646236366365613062
32383666663530653134373164323865373566653966346230376137666535353661313165393530
62643961653331666233393361656563666662323034643832623164333330643065663365336631
62636362656135333538626438653837383732626432376662306465646333343664666632386639
65363537616531643138643333323939356635636662373566633730646637613765653333613737
66336638666235653963353837626332363235316336336661383934363463383665616663306538
31343630386131396333616436346438383734653835613731366238666238393961333132616362
33376532366563643261636336336362323364663630323161643962663235626434343937303166
34626130653962363065626132346262373964663664646637663539336634613961333633623233
61386231303862303162313331333265626632386539643263666534316436336364306533353535
34343166376265303335373366303333633533336337346461346630653061653031313139633337
66323163626463383332633531306661623063666230323834366530616239353234393732663263
64343337653534333933353631343530616363323833363365386462326339363764663837643362
66356436313234633234356166343962663631613235373866613930613865376237343031346365
31633163666339343264616665616530623234333335316139396430323730396532306133333361
65613539376232623935643234386635633834353334633562303065393564613731316536343931
31393165353764636430623466623738623735613630626639303230613761613832636265343334
31323066653864393065326364383137666538363130653138613737613534663434313337393931
39643534616165613131356538636261303639323735663633666331643938313466626463363263
65323761313861316133363565663166663534633134623932653834396233343534353432343831
31326561373564313430663962333334396366393737323036633236366236346237633634333831
61643261326233313436666661613264666436396335656262363764383737366438373230373961
34323836643833613966326338376533363062386263393235396366323539363164636166306138
36656266366338623164306139346264366630373335646339346130666562656437643432363831
31316531623333366166373366366264636436383962326361613537393532366333346239613666
33663034353762363763343338303864633837663535336564316266343264303033373731316334
61316331306139616536343665306235396531303637336263326137626465626666626339623931
63656631666562353664326233353265373566643865643966653630626635313664366139303764
63383839313532363165646339306237366161643662613236363536323565343136356465393965
30616232653331633062656334636364353233393361313530653561623939356136393463336161
33316135656566623566386333326635366134613034363863613066653933643763613066366431
63396361616132623666646366336333343632346664356566343864613761343339663164646134
66346237626464363939366639313031336233623065613938393038346335343438383530653638
30626132643733333461353163316165643837303163643063336465626438656131623861343533
34623633663664363034356165346135643434376134353665343565306161363561383830353464
31653464316565396233373534356334623466356339306430366538396135373736396136353061
31363763653032613861376262633563633632626461623261363631626163323433333534313565
66323264313662646536613266366163323536626264646539373865353566313430333862386630
65373664306533336564373365653835663564633333386638373363653363656239333431383963
61376337633932616462623739666362343534666364626562656638323966643236313834326439
32643737616163646361366431636531336437373666656430333932366361333237623161363332
62633065663264386335653466333637326331396333613065633634633264346232363435663330
63343666663832633566393939323565383761663936656334363339396631366263343238376138
63336266653031383436323833396330303636633463656565626233336435396464383637613461
63336130613036666633376363646238663837343433323861656563643362633530376666613030
61306563373036653963633839353165613132373030336163653439343035396665616238643561
31663438653139326537313861336233663437356666636130616163316466353766306232363064
36626265666436333565393138366438623734623163613038343930623836393938396438353837
39663235333631313361666639663765653731383363303561356131303464396266323936386337
66393362353638656564653235666638333836666138366361656136646165303962326539393963
31373266316264666336393830383264316638336638613634656463353632333633323766333432
30666663386638636235646162633231313365653338333361656138616338313764373466333839
33613339636565396264346631313263336138313333653735376330383832306134393666323965
65343431393163616434333337313963643931363061306239396634366232313531353530353831
38386264323333653864326532626538376538613032643766386633313664396364336130623263
36383262336335333336656566626636313936393962323537303566326165323434393833383730
31646662353134323666616338663537373433376335376330303737313062326235313663666162
61316133616664643764386332393161346264656335336564656436623839626239373435333131
39343061356633613633383030626433356331343863303066396538373234376238666531366638
66343138326334383831633135366466376530363632316562626431373064386133373066623335
36343863333730303139393536643332306431613339343134633465316461303765663966623733
37633638343738383434303061356362303661663038373330643561346237656237376333326263
36646362343339653463306538643836643938363735393737653232343538643462383135313464
36393065363561623963353138613464383938393062646237393136336662353766646332613162
30336330333036373064363336363737393634643061613166633636383164316234373930633634
35323064653533663836663835343038326634663439326532366631656262346339643961343331
64666364613137333263633239363835376439366430353438396131386466366130653132353532
64653833316664663334643136343632663630326134346363323033346137343136653839363862
66633230613036373430663163343431386439633731373062333136333161616163313134393166
37343465303637313666366163666534633338386336663538643231356533616439336232363336
32646632313938343735323734303031313936656335396366636432386134303231343439303163
39653239326262366539613036336563393039383438366664626363653433663962333339393737
39663631353864386238386336356239326164363061633734623766346234373465323736363632
66666261653131653635303531666132363036326233363036306231626134666663323564346662
37323039666633393537353931333236313236323163326434626532343330323036393165633864
33356534653463346632643732656131366365386334306334656266643864396436663938643837
36383435313461393532316434643836383365393835333930623633623638313936616330386239
65323966336131653365636166303338633265393266386361376539386437366663663862383132
36653239313562626631663366646263306435633939373461656435333837656238303035303438
62643262363332646562376165623838323230623436396330323831326333336534663366313333
32363736343738653362666138656562343834306139643439636337636137613931363734383039
31366463646433396463363030303738323863653733323034343565316266343138306134393065
39663661613261383839393133333739613234353762396662306163303036613830386565366433
34343038326366346634336538336632656361626132653931656461373836653431316439646534
3939343564383635303366346331303339383964633166366238
